00100000000000010000000000000001
00100000000000100000000000000010
00100000000000110000000000000011
00000000000000100010000010000000
00000000010000110010100000100000
00110100100001100000000000000010
00000000010001010011100000100111
00100000101001101111111111111101
00000000000001110000000000100101
00000000111000010000000000100010
00000000000001110011100011000010
10101100000001000000000000000100
10001100000000110000000000000100
00000000000001110000100000100100
00010100111000110000000000000011
00100000000000010000000000000111
00100000000000100000000000001000
00100000000000110000000000001001
00100000000001000000000000001010
00010000100001010000000000000010
00100000000001010000000000001011
00100000000001100000000000001100
00100000000001110000000000001101
00100000000001110000000000001110

